x, y, z
-124 -411 79
-46 -138 98
-146 -72 48
-185 -55 2
-89 -216 -9
-70 -221 -9
-60 -236 -20
3 -233 -34
28 -192 -71
-17 -226 -78
-63 -258 -54
-107 -269 12
-97 -194 48
-71 -126 60
-96 -88 44
-137 -119 3
-64 -218 0
-42 -239 -19
-28 -200 -79
-27 -192 -92
3 -239 -32
-123 -265 31
-159 -125 42
-115 -62 56
-108 -194 -5
-103 -252 -20
-66 -281 -16
12 -267 -33
60 -194 -84
-11 -220 -96
-69 -277 -32
-106 -271 17
-109 -172 50
-106 -85 49
-120 -72 22
-106 -124 -2
-94 -177 -28
-71 -214 -22
-41 -228 -20
1 -233 -56
24 -210 -104
17 -240 -89
-111 -346 0
-156 -272 45
-144 -133 65
-124 -51 67
-128 -106 35
-109 -265 1
-83 -301 -23
-7 -288 -52
28 -224 -88
-27 -217 -118
-45 -288 -34
-75 -320 43
-143 -243 51
-164 -107 46
-129 -61 39
-81 -143 16
-69 -202 -11
-78 -214 -50
-64 -204 -47
-27 -201 -27
10 -176 -51
-14 -181 -66
-34 -231 -44
-53 -256 -21
-134 -231 27
-152 -132 44
-147 -67 52
-133 -113 45
-122 -232 25
-68 -359 8
-25 -368 -43
25 -277 -118
47 -231 -141
-64 -429 12
-153 -395 62
-144 -224 82
-129 -77 73
-168 -61 35
-154 -168 8
-106 -296 0
-33 -338 -12
20 -290 -57
28 -228 -113
-33 -246 -111
-87 -328 6
-78 -296 49
-117 -189 60
-157 -90 41
-164 -70 20
-126 -156 12
-91 -241 3
-52 -284 -8
-9 -286 -40
24 -231 -108
-4 -241 -111
-59 -352 -7
-146 -338 49
-157 -150 58
-128 -56 59
-128 -94 32
-128 -180 -8
-80 -267 -16
-45 -281 -15
15 -256 -49
25 -208 -98
-46 -248 -78
-58 -284 -4
-82 -266 32
-109 -195 44
-151 -89 31
-163 -68 23
-131 -159 23
-83 -247 24
-27 -308 5
12 -300 -39
29 -234 -99
-44 -226 -140
-88 -317 -22
-84 -302 53
-65 -163 72
-101 -103 17
-129 -139 -54
-92 -174 -117
-32 -192 -133
-13 -184 -103
-69 -171 -63
-118 -105 -54
-116 -58 -56
-83 -44 -64
-50 -56 -70
0 -58 -57
32 -70 -30
44 -77 -32
32 -124 -55
32 -147 -77
54 46 -139
24 -146 -202
22 -116 -66
23 -119 -61
30 -117 -66
22 -116 -76
15 -106 -83
7 -103 -107
180 -149 -142
38 -36 -151
36 -89 -106
30 -93 -101
32 0 -104
-402 -157 -128
50 -59 -130
16 -33 -135
30 -40 -116
35 -41 -114
34 -40 -120
34 -42 -119
34 -43 -120
35 -44 -119
33 -42 -117
34 -40 -120
33 -42 -120
32 -41 -119
32 -43 -120
33 -42 -120
33 -43 -118
34 -43 -120
34 -43 -117
32 -44 -120
32 -43 -120
32 -40 -120
32 -40 -120
33 -41 -119
36 -49 -122
32 -40 -120
32 -40 -121
33 -43 -121
32 -39 -119
32 -41 -122
32 -43 -119
32 -39 -124
32 -40 -121
33 -41 -120
33 -41 -120
31 -40 -120
33 -41 -122
32 -39 -122
32 -40 -118
32 -40 -124
31 -39 -121
32 -40 -120
32 -39 -123
32 -41 -122
33 -40 -120
32 -41 -119
31 -40 -121
32 -41 -120
32 -43 -120
33 -41 -122
31 -40 -119
32 -39 -122
32 -39 -120
32 -39 -122
32 -40 -119
32 -40 -120
31 -38 -121
32 -40 -122
32 -39 -122
33 -40 -119
32 -41 -124
32 -40 -121
32 -40 -119
32 -41 -121
30 -39 -121
31 -41 -121
30 -40 -120
32 -40 -120
33 -39 -120
32 -39 -122
31 -41 -117
32 -39 -120
32 -41 -123
32 -39 -121
31 -39 -120
30 -40 -119
31 -39 -122
32 -39 -121
31 -41 -122
32 -41 -120
32 -39 -120
32 -40 -122
32 -39 -122
32 -40 -122
32 -41 -120
30 -40 -124
31 -40 -122
32 -41 -122
32 -41 -121
32 -40 -120
32 -40 -120
32 -42 -124
32 -41 -120
31 -40 -123
31 -40 -124
32 -40 -121
32 -38 -123
32 -40 -121
31 -40 -123
31 -40 -118
32 -41 -119
32 -41 -121
31 -41 -121
32 -39 -121
31 -39 -123
32 -40 -122
32 -40 -120
31 -40 -121
32 -40 -123
31 -38 -121
32 -43 -123
32 -41 -117
32 -37 -121
32 -40 -121
32 -39 -121
32 -40 -120
31 -39 -120
31 -39 -119
30 -39 -122
31 -39 -123
32 -39 -121
32 -39 -118
32 -40 -122
31 -40 -120
31 -40 -120
30 -37 -121
32 -40 -125
32 -41 -121
31 -40 -123
32 -41 -119
32 -38 -121
31 -39 -121
31 -40 -121
31 -40 -118
32 -41 -119
32 -39 -122
32 -40 -120
31 -41 -122
31 -40 -121
32 -39 -121
31 -38 -120
32 -40 -121
30 -40 -121
32 -42 -119
32 -39 -122
31 -41 -125
31 -40 -123
31 -40 -121
32 -40 -120
32 -39 -120
31 -39 -121
32 -40 -120
32 -41 -119
31 -39 -123
31 -41 -123
31 -39 -121
32 -40 -122
31 -39 -121
31 -39 -121
31 -40 -122
32 -39 -122
31 -39 -121
32 -40 -122
31 -39 -121
31 -40 -121
32 -41 -122
32 -39 -120
32 -39 -122
33 -40 -120
30 -40 -121
31 -39 -122
31 -40 -123
32 -39 -121
31 -40 -120
32 -39 -121
31 -39 -121
31 -40 -123
32 -41 -120
32 -39 -123
30 -40 -123
32 -40 -121
32 -40 -122
32 -38 -119
32 -40 -118
32 -40 -122
30 -39 -123
32 -41 -120
30 -38 -121
31 -40 -117
32 -40 -122
32 -41 -121
31 -39 -120
31 -38 -119
32 -40 -120
32 -40 -121
32 -41 -122
31 -39 -121
32 -40 -121
30 -38 -120
32 -40 -121
32 -40 -119
31 -40 -122
30 -41 -122
32 -40 -123
31 -40 -122
30 -38 -121
31 -40 -121
31 -39 -121
32 -40 -119
31 -40 -121
32 -40 -121
31 -40 -120
30 -39 -121
33 -40 -122
32 -41 -122
32 -39 -124
32 -40 -122
32 -39 -119
32 -41 -120
30 -39 -120
32 -39 -122
30 -40 -121
30 -38 -120
31 -38 -119
31 -38 -121
32 -40 -118
31 -40 -119
32 -39 -121
32 -39 -118
32 -40 -122
30 -40 -123
30 -39 -122
31 -41 -121
32 -40 -119
32 -39 -120
32 -40 -121
32 -40 -120
30 -40 -122
32 -39 -122
32 -40 -119
32 -39 -121
31 -39 -121
32 -41 -124
31 -38 -119
31 -40 -121
30 -39 -123
32 -40 -122
31 -39 -122
32 -40 -120
32 -39 -118
33 -40 -120
30 -40 -121
30 -40 -122
31 -39 -122
31 -38 -122
32 -38 -121
31 -40 -122
32 -40 -122
32 -40 -121
29 -39 -122
32 -39 -121
31 -40 -122
32 -40 -123
31 -40 -120
31 -39 -122
32 -38 -121
31 -37 -125
32 -38 -122
31 -40 -120
30 -40 -119
32 -39 -122
32 -40 -120
32 -39 -123
31 -39 -122
31 -40 -121
32 -40 -120
32 -40 -120
30 -40 -122
31 -39 -122
32 -41 -121
32 -39 -122
31 -38 -121
31 -39 -122
32 -41 -124
31 -39 -121
32 -40 -121
32 -40 -121
32 -39 -121
31 -40 -119
31 -39 -122
31 -40 -123
32 -39 -119
32 -39 -121
32 -40 -120
31 -39 -122
30 -39 -121
30 -39 -122
30 -39 -121
31 -41 -121
32 -40 -122
31 -39 -121
32 -41 -121
30 -38 -122
30 -37 -122
32 -40 -122
31 -41 -122
31 -40 -122
31 -38 -120
32 -40 -123
31 -40 -122
31 -38 -122
30 -39 -120
31 -40 -122
32 -40 -119
32 -40 -119
32 -39 -120
32 -39 -120
32 -38 -121
31 -38 -122
31 -40 -124
31 -40 -121
31 -39 -120
31 -38 -119
32 -40 -121
31 -40 -122
31 -39 -120
32 -38 -120
31 -39 -120
32 -39 -121
32 -39 -121
31 -38 -120
32 -39 -120
32 -40 -118
31 -40 -125
30 -38 -119
30 -38 -121
32 -39 -121
31 -39 -122
33 -38 -121
31 -38 -120
31 -40 -122
32 -40 -122
30 -38 -120
30 -39 -119
31 -43 -122
32 -38 -122
32 -40 -122
31 -40 -120
32 -40 -123
33 -40 -122
31 -39 -119
31 -39 -124
32 -39 -121
31 -40 -120
31 -41 -123
31 -39 -123
30 -39 -122
32 -39 -122
32 -40 -121
32 -40 -122
31 -38 -124
32 -41 -122
31 -39 -120
32 -39 -122
32 -40 -120
32 -39 -120
31 -38 -121
32 -39 -122
32 -41 -122
30 -40 -123
31 -39 -122
32 -40 -120
31 -39 -120
31 -38 -122
32 -41 -120
32 -40 -121
30 -37 -123
32 -39 -121
30 -39 -122
31 -40 -122
32 -40 -122
32 -39 -121
32 -38 -122
32 -40 -121
32 -41 -119
31 -38 -120
32 -40 -120
32 -39 -120
32 -40 -119
32 -40 -118
31 -39 -123
31 -39 -123
32 -39 -121
31 -39 -121
32 -40 -122
32 -38 -123
31 -38 -123
32 -40 -121
31 -39 -119
31 -38 -120
32 -40 -122
32 -39 -122
31 -39 -116
31 -39 -121
31 -38 -117
30 -38 -123
32 -39 -121
32 -40 -121
32 -38 -121
32 -40 -121
31 -39 -120
32 -40 -121
32 -41 -122
31 -40 -124
31 -40 -124
32 -39 -124
31 -37 -121
31 -39 -121
32 -39 -121
32 -40 -121
32 -39 -122
31 -39 -122
30 -40 -121
30 -39 -122
31 -41 -122
32 -41 -124
32 -41 -120
32 -39 -124
32 -40 -121
31 -38 -118
30 -38 -122
31 -39 -124
32 -40 -120
32 -38 -123
30 -37 -122
31 -42 -122
31 -40 -123
31 -38 -125
30 -41 -121
32 -39 -121
32 -39 -122
30 -39 -122
32 -40 -122
32 -40 -122
31 -39 -123
31 -39 -121
32 -39 -124
32 -40 -119
31 -38 -123
31 -40 -121
32 -38 -121
31 -39 -122
32 -40 -121
32 -40 -124
32 -40 -120
30 -37 -119
30 -40 -122
31 -39 -121
32 -40 -121
31 -37 -122
32 -40 -122
32 -39 -121
33 -40 -120
32 -39 -120
32 -40 -121
32 -40 -121
31 -39 -122
31 -39 -119
32 -40 -124
32 -38 -121
32 -40 -124
32 -40 -121
31 -38 -122
32 -40 -122
32 -37 -121
31 -39 -122
31 -39 -121
32 -40 -121
32 -39 -122
31 -38 -122
32 -40 -121
31 -41 -120
33 -40 -120
31 -37 -122
31 -37 -122
31 -38 -122
32 -38 -123
32 -38 -121
30 -40 -123
31 -39 -122
32 -39 -120
30 -37 -120
30 -40 -123
32 -38 -121
32 -40 -125
32 -39 -124
32 -41 -121
31 -39 -121
30 -39 -121
32 -40 -121
32 -40 -122
31 -39 -119
32 -40 -121
32 -42 -123
31 -39 -122
32 -39 -120
32 -41 -121
32 -39 -122
31 -40 -124
32 -38 -120
33 -40 -122
31 -39 -121
31 -39 -121
32 -39 -123
32 -41 -122
32 -40 -121
30 -39 -122
31 -40 -121
32 -40 -122
31 -38 -120
31 -40 -121
32 -40 -122
32 -40 -118
32 -40 -122
32 -38 -122
32 -40 -121
32 -40 -124
32 -41 -121
31 -37 -121
32 -39 -121
32 -39 -122
30 -37 -122
31 -40 -120
32 -40 -124
31 -38 -119
32 -40 -122
31 -39 -119
30 -39 -123
30 -37 -123
32 -40 -122
32 -39 -120
32 -40 -123
32 -40 -119
31 -40 -121
32 -40 -119
32 -40 -121
30 -39 -121
30 -39 -123
31 -36 -120
30 -39 -119
32 -40 -122
31 -40 -122
32 -40 -120
32 -38 -121
32 -40 -124
31 -39 -122
32 -40 -120
32 -39 -119
31 -39 -122
32 -40 -121
32 -38 -121
32 -40 -120
32 -39 -122
29 -38 -119
32 -39 -121
32 -40 -121
32 -39 -124
32 -40 -121
33 -40 -121
32 -40 -120
32 -41 -122
32 -40 -121
31 -40 -124
32 -39 -121
30 -40 -120
32 -39 -122
30 -39 -119
30 -38 -121
32 -39 -122
31 -39 -122
31 -40 -121
32 -40 -124
30 -39 -123
32 -42 -122
32 -40 -121
32 -38 -120
32 -36 -119
32 -36 -119
32 -38 -123
31 -40 -119
31 -38 -120
32 -38 -119
31 -39 -121
32 -39 -120
31 -41 -122
31 -39 -125
32 -39 -121
30 -39 -121
32 -39 -121
32 -39 -122
33 -39 -120
32 -39 -121
32 -40 -124
32 -38 -123
32 -39 -119
32 -40 -124
32 -38 -120
32 -40 -120
32 -40 -121
30 -38 -124
32 -39 -124
32 -39 -122
32 -37 -121
32 -40 -120
29 -37 -121
31 -38 -123
31 -38 -121
31 -38 -122
31 -37 -122
32 -39 -123
32 -39 -123
32 -40 -122
31 -38 -120
31 -39 -121
32 -37 -120
32 -39 -122
32 -38 -122
31 -40 -122
30 -39 -121
31 -39 -122
32 -38 -124
31 -39 -123
32 -38 -122
32 -39 -122
31 -38 -124
32 -38 -122
32 -38 -122
32 -39 -122
32 -39 -122
32 -38 -122
32 -39 -121
29 -38 -122
32 -38 -121
32 -36 -123
32 -40 -124
31 -38 -120
32 -39 -121
31 -36 -123
32 -39 -120
31 -38 -122
30 -38 -121
32 -39 -123
32 -38 -122
32 -37 -121
32 -38 -121
32 -38 -122
32 -39 -122
31 -39 -124
32 -39 -121
31 -37 -122
32 -38 -121
32 -39 -121
32 -39 -124
29 -39 -122
32 -39 -121
32 -36 -121
32 -37 -122
32 -38 -123
32 -37 -120
31 -37 -122
32 -39 -120
32 -39 -122
32 -38 -122
32 -39 -121
32 -39 -121
32 -38 -123
32 -39 -120
30 -38 -121
33 -40 -124
31 -37 -122
31 -38 -123
31 -39 -121
31 -39 -121
32 -38 -121
31 -39 -124
33 -37 -121
31 -37 -121
31 -39 -121
32 -39 -121
32 -40 -121
32 -38 -121
31 -39 -120
31 -40 -124
31 -38 -122
31 -40 -121
31 -39 -118
31 -38 -122
32 -39 -121
32 -39 -120
32 -38 -124
32 -39 -121
32 -37 -121
32 -39 -121
32 -38 -122
32 -36 -120
32 -39 -121
31 -38 -122
32 -38 -124
32 -39 -124
31 -40 -124
31 -39 -120
32 -38 -123
31 -39 -122
32 -38 -121
32 -38 -123
31 -38 -123
31 -38 -120
31 -39 -120
32 -39 -121
30 -40 -123
32 -39 -121
31 -39 -123
32 -39 -121
32 -39 -123
30 -39 -120
31 -36 -122
33 -39 -120
32 -38 -121
32 -37 -120
31 -36 -120
31 -38 -120
32 -38 -118
31 -38 -120
30 -39 -119
32 -38 -122
32 -38 -122
32 -39 -124
32 -39 -122
30 -39 -121
31 -38 -122
31 -37 -121
32 -38 -120
32 -39 -120
32 -39 -120
32 -37 -122
30 -38 -122
31 -39 -122
32 -37 -122
32 -39 -122
29 -39 -121
29 -37 -120
31 -38 -122
32 -36 -122
32 -38 -121
32 -37 -122
32 -40 -122
32 -37 -121
31 -36 -121
31 -37 -121
32 -38 -119
33 -40 -122
32 -39 -119
31 -37 -122
31 -38 -121
31 -38 -122
32 -40 -124
32 -38 -122
32 -37 -121
32 -40 -124
32 -38 -123
32 -39 -122
32 -41 -120
32 -37 -118
31 -38 -122
31 -39 -122
32 -38 -121
31 -39 -121
31 -40 -121
31 -36 -121
32 -39 -121
31 -38 -124
31 -39 -123
31 -39 -121
31 -40 -122
33 -41 -122
32 -38 -118
30 -37 -121
32 -38 -122
31 -38 -121
32 -40 -121
32 -38 -125
32 -40 -120
31 -39 -124
32 -38 -123
32 -40 -121
30 -36 -122
32 -38 -121
31 -39 -124
32 -39 -123
30 -37 -120
31 -39 -121
32 -37 -124
32 -37 -121
32 -37 -123
33 -40 -121
30 -39 -122
32 -39 -120
32 -37 -120
31 -39 -120
32 -38 -123
32 -39 -120
31 -39 -121
32 -40 -122
31 -39 -123
29 -37 -121
31 -36 -124
32 -36 -121
32 -39 -121
31 -39 -122
32 -39 -120
32 -39 -121
31 -40 -119
32 -39 -122
32 -38 -118
31 -39 -123
32 -38 -125
31 -38 -123
31 -39 -119
32 -39 -121
32 -38 -121
32 -37 -124
32 -37 -124
31 -40 -119
31 -37 -122
31 -38 -120
31 -38 -118
32 -38 -120
32 -37 -122
32 -40 -125
32 -39 -126
31 -40 -127
31 -37 -119
32 -40 -123
31 -40 -123
30 -38 -120
32 -40 -122
31 -41 -122
31 -40 -122
29 -37 -122
31 -39 -123
31 -38 -120
31 -38 -121
32 -39 -121
31 -41 -122
31 -38 -124
30 -37 -122
34 -40 -120
33 -41 -118
32 -39 -121
32 -40 -120
32 -38 -122
31 -41 -120
31 -39 -123
32 -40 -123
31 -39 -119
32 -38 -118
32 -40 -122
32 -39 -121
31 -39 -122
31 -37 -120
31 -39 -120
32 -41 -126
22 -34 -121
37 -40 -120
35 -43 -123
30 -39 -122
31 -38 -124
30 -38 -121
35 -45 -120
30 -41 -122
31 -40 -123
31 -39 -121
29 -40 -124
30 -40 -122
31 -40 -122
29 -40 -121
7 -41 -124
37 -50 -118
39 -42 -128
43 -47 -124
30 -42 -122
26 -40 -120
27 -42 -121
28 -44 -124
27 -42 -120
26 -42 -120
28 -42 -122
27 -44 -122
29 -41 -125
28 -40 -124
25 -39 -120
26 -43 -123
28 -42 -122
26 -41 -120
27 -42 -122
28 -44 -124
28 -45 -123
27 -42 -121
27 -44 -123
25 -40 -124
28 -42 -122
27 -42 -121
27 -44 -122
27 -41 -124
28 -41 -121
28 -43 -122
29 -43 -123
28 -43 -122
26 -44 -124
26 -42 -121
28 -42 -122
27 -43 -124
28 -42 -121
27 -42 -121
27 -41 -123
28 -41 -123
27 -41 -119
28 -43 -124
27 -42 -121
26 -40 -120
29 -43 -119
28 -42 -121
27 -42 -125
26 -41 -121
28 -43 -120
28 -41 -120
27 -42 -120
27 -42 -123
26 -41 -123
28 -45 -119
26 -41 -122
25 -42 -121
28 -43 -123
28 -43 -122
28 -41 -121
26 -40 -120
25 -42 -122
27 -42 -120
25 -42 -125
26 -42 -123
27 -41 -121
28 -42 -121
28 -44 -122
28 -45 -124
26 -40 -121
27 -41 -124
25 -40 -122
29 -42 -122
28 -42 -121
26 -43 -122
27 -42 -122
28 -43 -120
27 -43 -123
27 -42 -119
27 -43 -122
29 -41 -120
6 -43 -121
38 -47 -132
16 -32 -137
5 -114 -105
23 -83 -115
47 -149 -110
91 -151 -125
128 -88 -141
44 -131 -19
-143 -32 44
-163 -21 44
-203 -4 10
-163 -196 -6
-94 -417 -53
-99 -401 -109
-64 -343 -149
-21 -284 -132
-91 -333 -59
-133 -314 16
-104 -150 22
-57 -61 0
-45 -29 -4
-33 -14 1
-57 -42 -6
-36 -126 -44
-32 -169 -65
-41 -196 -81
-26 -162 -63
-62 -178 23
-98 -200 -18
-49 -242 -55
9 -240 -89
9 -253 -100
-79 -333 -14
-109 -288 24
-78 -162 34
-64 -31 3
-72 -9 4
-42 -22 -10
-62 -80 17
-42 -164 -6
-56 -255 0
-39 -274 -38
-25 -229 -54
-64 -220 -46
-34 -220 -59
10 -221 -74
-28 -262 -34
-93 -289 17
-84 -201 -14
-20 -118 0
-51 -60 6
-84 -17 6
-70 -41 17
-66 -96 0
-63 -185 -8
-45 -229 -31
-14 -244 0
-18 -268 -13
-18 -251 -49
-36 -234 -97
-44 -249 -72
-33 -278 30
-85 -242 29
-25 -154 10
-35 -95 10
-77 -47 -3
-95 -28 -8
-73 -72 -2
-29 -146 -7
11 -198 -42
4 -199 -29
-28 -212 -5
-92 -213 -27
-30 -219 -63
19 -222 -49
33 -222 -43
-58 -275 -32
-96 -219 -14
-62 -157 35
19 -63 13
-57 -50 9
-96 -43 -18
-90 -83 -25
-48 -154 -28
-20 -176 -2
-72 -233 -8
-71 -268 -44
12 -224 -82
7 -229 -76
-3 -248 -45
-78 -308 1
-84 -239 9
-60 -160 31
-54 -65 13
-77 -21 0
-92 -49 -6
-63 -90 -21
-28 -159 -16
-57 -199 -19
-58 -242 0
-68 -289 -26
32 -255 -63
22 -264 -92
0 -291 -76
-88 -376 30
-79 -258 58
-38 -99 50
-49 -31 24
-93 -7 -11
-64 -64 6
-43 -144 10
-50 -247 14
-82 -315 -29
15 -273 -70
35 -228 -51
6 -241 -59
-48 -292 -38
-70 -294 10
-109 -218 3
-42 -109 6
-44 -55 18
-53 -21 12
-75 -44 12
-54 -132 3
-36 -240 -19
-19 -260 -38
-19 -220 -71
-44 -229 -45
-14 -221 -48
2 -226 -53
-16 -245 -41
-72 -249 -7
-73 -144 -3
-87 -66 19
-45 -22 34
-57 -52 21
-61 -160 -3
-46 -263 -57
-20 -222 -117
30 -196 -61
-13 -196 -47
-51 -178 -64
-85 -181 -44
-23 -192 -44
10 -179 -66
-18 -146 -32
-75 -100 19
-94 -33 31
-86 -42 17
-74 -148 15
-92 -268 -17
-25 -352 -68
30 -308 -117
66 -251 -142
-29 -310 -41
-224 -278 68
-205 -17 75
-54 -178 64
48 -289 -31
12 -180 -141
-161 -234 -128
-6 -242 -64
1 -182 0
-200 -84 6
-32 -186 39
23 -85 -47
-154 -122 -64
-29 -296 -44
174 -23 -121
-179 -296 -14
-37 -175 7
34 -71 -32
-162 -62 -56
-45 -260 -3
112 -76 -89
-121 -140 -89
22 -168 -12
49 -80 -29
-98 -23 -79
51 -182 -30
2 -148 -83
-114 -64 -125
26 -239 3
49 -116 -41
-131 -65 -60
51 -121 -58
-55 -152 -72
-127 -157 -73
76 -220 -26
89 -115 -58
-154 -38 -71
0 -228 -43
184 33 -104
-227 -259 -11
-41 -260 -8
80 -156 -104
-45 -237 -96
-140 -202 -83
-156 -111 -49
-139 -44 -48
-90 -56 -57
-70 -78 -74
-35 -75 -97
-25 -85 -91
-4 -81 -80
24 -64 -51
2 -95 -38
-6 -143 -49
22 -125 -103
23 -132 -115
15 -135 -96
14 -125 -80
31 -100 -60
44 -87 -37
48 -112 0
-68 -60 -151
-64 -200 -29
-2 -103 -92
88 -80 -153
3 -86 -109
-25 -72 -131
76 -61 -125
7 -66 -108
34 -75 -84
15 -46 -121
32 -43 -151
24 -38 -128
23 -40 -129
0 -54 -116
12 -47 -123
10 -47 -125
9 -47 -124
10 -49 -125
11 -47 -123
9 -48 -124
8 -46 -122
8 -45 -124
9 -48 -122
9 -48 -123
10 -47 -126
8 -48 -125
7 -46 -123
8 -48 -126
8 -49 -120
9 -48 -122
7 -47 -124
7 -47 -125
7 -47 -125
7 -48 -122
9 -49 -122
7 -47 -125
7 -47 -124
8 -49 -126
6 -47 -122
6 -47 -126
7 -47 -124
7 -46 -124
7 -48 -126
7 -46 -125
7 -48 -123
9 -47 -123
7 -48 -124
5 -45 -126
8 -48 -125
6 -48 -122
5 -48 -122
6 -48 -123
6 -47 -125
7 -48 -124
8 -48 -125
6 -47 -122
9 -47 -125
6 -48 -126
6 -47 -123
7 -49 -124
4 -45 -125
6 -47 -122
6 -47 -125
6 -47 -125
5 -46 -124
7 -49 -125
6 -47 -125
7 -48 -127
6 -47 -125
5 -45 -123
6 -48 -125
3 -47 -124
6 -47 -125
7 -47 -125
4 -47 -125
6 -47 -124
5 -47 -124
4 -46 -124
5 -48 -122
7 -49 -124
7 -48 -123
5 -48 -127
3 -46 -126
4 -47 -124
5 -48 -125
5 -49 -125
6 -49 -125
3 -45 -125
6 -47 -127
4 -47 -121
4 -46 -124
3 -47 -126
5 -48 -124
5 -48 -124
4 -46 -124
4 -47 -126
5 -49 -127
4 -45 -125
4 -46 -123
6 -49 -125
4 -47 -124
4 -45 -126
3 -47 -125
4 -47 -122
4 -48 -125
3 -46 -120
4 -47 -124
4 -47 -124
4 -49 -124
6 -46 -125
4 -47 -124
3 -47 -125
3 -48 -123
3 -49 -125
5 -48 -123
6 -46 -123
3 -48 -125
3 -47 -125
3 -47 -125
6 -46 -123
4 -46 -125
2 -45 -124
4 -46 -124
3 -47 -125
4 -48 -123
3 -45 -126
4 -46 -128
3 -47 -124
6 -48 -126
5 -48 -123
4 -48 -128
2 -45 -125
4 -49 -123
4 -46 -127
5 -47 -124
2 -46 -122
1 -46 -125
5 -47 -123
4 -49 -125
3 -47 -125
4 -47 -125
4 -48 -125
3 -45 -125
3 -46 -125
3 -46 -127
0 -45 -125
4 -46 -127
2 -43 -120
14 -39 -130
-5 -47 -120
-9 -37 -112
5 -44 -125
8 -48 -125
-4 -50 -119
1 -46 -125
2 -47 -127
4 -48 -125
3 -46 -127
3 -47 -126
2 -46 -126
3 -47 -125
4 -48 -126
3 -47 -126
3 -47 -124
3 -47 -125
3 -46 -125
3 -47 -126
3 -47 -125
2 -46 -124
3 -47 -123
6 -47 -126
3 -47 -126
3 -47 -128
3 -47 -125
3 -47 -126
3 -45 -122
3 -47 -126
3 -48 -124
5 -46 -126
3 -46 -125
6 -47 -127
2 -47 -123
3 -45 -125
4 -47 -122
3 -47 -124
3 -45 -125
1 -47 -125
4 -46 -125
3 -44 -125
2 -44 -126
4 -46 -126
2 -47 -125
2 -45 -125
6 -47 -122
2 -46 -126
3 -48 -125
6 -47 -126
5 -47 -124
5 -48 -125
3 -47 -126
3 -47 -125
4 -46 -124
3 -48 -126
2 -45 -125
4 -45 -125
5 -47 -125
5 -45 -121
2 -46 -122
3 -45 -124
3 -46 -128
2 -45 -125
5 -48 -123
5 -46 -125
3 -47 -122
3 -46 -123
3 -47 -123
4 -47 -123
5 -48 -126
6 -48 -126
4 -46 -124
3 -46 -125
2 -47 -125
4 -47 -126
2 -48 -124
3 -47 -122
4 -47 -128
3 -47 -126
3 -45 -125
5 -47 -124
1 -45 -125
3 -45 -124
3 -45 -125
3 -48 -123
4 -46 -125
4 -45 -122
4 -46 -123
6 -45 -127
5 -47 -126
4 -48 -126
3 -43 -125
3 -44 -126
5 -45 -126
3 -46 -125
4 -46 -124
3 -46 -128
3 -47 -125
3 -46 -124
5 -48 -125
6 -48 -124
3 -47 -126
2 -45 -127
3 -48 -125
2 -48 -124
2 -47 -125
3 -45 -125
4 -48 -127
2 -45 -128
4 -48 -124
4 -46 -126
3 -47 -123
6 -47 -125
6 -46 -124
3 -46 -125
4 -48 -123
4 -44 -125
5 -46 -124
3 -46 -125
3 -48 -125
1 -46 -125
2 -49 -123
3 -44 -125
5 -47 -125
4 -47 -127
4 -45 -125
4 -49 -124
4 -46 -126
4 -47 -124
3 -46 -125
4 -45 -124
3 -45 -128
3 -45 -124
4 -48 -126
4 -47 -126
4 -45 -126
2 -44 -122
3 -47 -125
4 -45 -125
3 -47 -126
3 -48 -127
5 -48 -122
2 -46 -127
5 -50 -123
2 -45 -126
3 -45 -122
4 -49 -124
2 -47 -125
2 -45 -123
2 -47 -127
3 -47 -122
4 -47 -126
4 -47 -127
2 -48 -125
3 -47 -128
3 -48 -124
3 -45 -125
3 -46 -124
4 -47 -125
4 -47 -125
3 -48 -124
2 -47 -124
3 -47 -127
-131 -87 -100
213 -121 -79
-3 -49 -162
-39 -38 -140
-12 -32 -97
22 -28 -96
10 -28 -115
16 -28 -133
-15 -28 -135
-15 -26 -135
-12 -30 -129
-20 -26 -129
-16 -27 -128
-10 -34 -127
-5 -32 -133
-9 -31 -129
-10 -33 -121
-6 -34 -129
256 -69 -175
17 -3 -130
1 -25 -131
1 -27 -129
2 -23 -132
0 -21 -133
3 -53 -121
3 -17 -131
-7 -29 -136
-7 -30 -130
-6 -21 -134
-16 -45 -129
-12 -21 -120
-12 -20 -115
7 -64 -132
7 -64 -134
-29 -32 -127
2 -41 -124
-8 -5 -125
8 -71 -129
16 -72 -130
-19 -4 -122
-12 -5 -121
-6 -4 -122
-20 -2 -121
-16 -3 -122
-2 -9 -123
19 -52 -131
17 -72 -129
-30 -7 -121
-7 -4 -120
-34 -9 -120
-4 -6 -124
-8 -4 -126
-26 0 -121
0 -21 -125
-24 -6 -119
-29 -7 -124
0 -11 -126
-22 -3 -122
-35 -21 -118
7 -38 -131
4 -35 -128
-36 -15 -125
5 -34 -129
4 -32 -128
-5 -3 -125
-22 -3 -121
0 -15 -125
-16 -3 -121
-32 -4 -121
-37 -19 -123
7 -36 -130
0 -13 -126
-18 -2 -122
2 -32 -132
0 -9 -127
-29 -5 -123
-32 -4 -117
-23 -4 -122
2 -29 -128
-36 -9 -123
-4 -5 -125
-37 -14 -121
-8 -4 -122
-11 -2 -122
-27 -4 -121
-16 0 -122
4 -37 -130
5 -36 -131
-36 -13 -120
-4 -7 -124
-30 -2 -121
-5 -8 -126
0 -20 -129
-19 -3 -121
-35 -13 -120
-18 -3 -121
-16 0 -122
-33 -10 -119
-34 -22 -122
4 -38 -131
-10 -2 -122
-29 0 -121
-36 -12 -120
-30 -5 -122
-20 0 -123
-31 -7 -121
0 -16 -125
-32 -7 -121
-13 -3 -121
0 -22 -130
-8 -5 -127
-32 -5 -121
-16 0 -122
3 -37 -133
-17 -2 -122
-32 -5 -122
0 -14 -129
-15 0 -123
-36 -11 -121
3 -37 -132
-12 -4 -122
-20 -32 -126
2 -32 -132
-15 -2 -121
-2 -24 -129
-8 -4 -127
-15 0 -121
-29 -4 -122
-10 -3 -122
19 -59 -132
20 -64 -132
15 -71 -128
22 -66 -130
0 -53 -128
1 -62 -127
3 -64 -127
16 -71 -129
15 -71 -128
7 -67 -128
3 -62 -127
14 -71 -126
17 -66 -132
15 -71 -127
20 -64 -132
6 -71 -126
14 -70 -124
2 -64 -128
32 -68 -136
9 -70 -128
30 -68 -138
24 -71 -135
8 -64 -128
23 -70 -132
-21 -21 -117
40 -64 -136
31 -68 -135
-9 -12 -129
20 -70 -135
19 -71 -134
3 -55 -128
30 -68 -124
-30 -32 -122
15 -85 -117
-20 -52 -118
52 -80 -119
-11 -57 -117
34 -76 -120
56 -71 -128
56 -64 -122
44 -66 -125
17 -58 -122
60 -63 -121
58 -55 -121
60 -57 -122
58 -65 -126
30 -52 -120
63 -63 -122
62 -55 -120
60 -59 -122
31 -52 -119
19 -56 -120
66 -61 -121
64 -58 -121
44 -61 -121
33 -54 -117
28 -55 -113
65 -63 -123
66 -62 -123
49 -61 -124
40 -63 -119
0 -50 -118
63 -61 -119
53 -64 -124
43 -63 -119
30 -56 -117
67 -61 -124
65 -57 -123
60 -55 -126
32 -50 -122
44 -55 -125
49 -52 -120
20 -48 -120
72 -56 -122
68 -52 -124
69 -52 -123
62 -58 -123
61 -58 -122
41 -54 -119
37 -49 -121
24 -45 -119
71 -54 -130
71 -54 -126
70 -53 -123
69 -55 -126
63 -56 -128
48 -52 -125
26 -45 -123
28 -45 -121
8 -49 -120
70 -54 -130
67 -54 -121
64 -55 -122
69 -59 -117
66 -58 -123
67 -54 -119
66 -54 -122
62 -52 -125
66 -55 -122
63 -60 -122
53 -56 -122
21 -51 -117
32 -52 -118
66 -57 -122
68 -57 -125
57 -64 -124
63 -55 -119
32 -52 -118
13 -51 -122
68 -51 -130
63 -51 -124
54 -59 -128
46 -54 -125
2 -57 -122
73 -55 -128
64 -49 -122
68 -55 -119
52 -55 -129
49 -61 -125
59 -63 -124
48 -54 -128
63 -57 -124
60 -63 -124
47 -65 -123
39 -74 -118
8 -67 -121
39 -80 -110
43 -90 -116
-25 -55 -118
48 -82 -111
50 -91 -111
-15 -58 -119
46 -84 -118
-7 -63 -116
41 -96 -120
30 -85 -116
12 -80 -116
40 -88 -111
39 -91 -123
33 -87 -119
29 -78 -119
22 -72 -113
0 -62 -118
0 -68 -119
38 -86 -119
32 -81 -119
23 -76 -111
46 -90 -119
12 -78 -116
38 -93 -122
18 -82 -115
45 -87 -112
4 -72 -115
-22 -57 -116
13 -56 -127
16 -70 -121
9 -68 -123
28 -82 -111
2 -63 -125
23 -64 -132
7 -74 -126
33 -74 -103
-9 -51 -139
3 -64 -125
29 -75 -130
20 -79 -129
3 -54 -125
27 -54 -128
-10 -48 -133
20 -79 -124
6 -66 -128
-20 -40 -127
3 -54 -128
-6 -25 -135
0 -48 -130
-14 -22 -127
22 -77 -128
-2 -56 -119
-7 -48 -117
11 -38 -141
26 -70 -125
2 -47 -122
-23 -50 -116
30 -68 -121
18 -70 -121
-13 -64 -123
32 -65 -122
24 -72 -119
25 -72 -122
-2 -47 -123
-8 -45 -123
0 -41 -128
4 -44 -131
1 -51 -122
29 -57 -121
-12 -37 -137
16 -72 -122
-10 -29 -119
24 -72 -125
27 -72 -127
19 -75 -120
22 -76 -125
-4 -20 -136
36 -79 -87
6 -34 -106
41 -81 -117
14 -71 -122
25 -65 -93
0 -64 -131
34 -78 -104
-35 -17 -137
24 -68 -96
0 -45 -126
11 -71 -122
13 -65 -119
24 -71 -128
-4 -24 -132
27 -73 -127
23 -72 -125
11 -70 -123
21 -72 -128
6 -72 -120
6 -70 -118
12 -66 -105
7 -57 -117
15 -65 -129
-32 -18 -136
20 -68 -105
0 -58 -109
16 -67 -109
8 -71 -124
0 -68 -119
-3 -64 -122
-4 -35 -123
-3 -26 -128
-9 -30 -116
0 -27 -128
-4 -30 -126
-4 -22 -132
28 -71 -133
27 -68 -130
19 -71 -128
-5 -22 -128
18 -63 -122
18 -64 -128
-6 -28 -121
-10 -28 -135
-17 -56 -119
-7 -24 -133
-16 -57 -117
-8 -26 -134
3 -67 -124
22 -66 -129
-7 -26 -122
-12 -26 -135
23 -66 -129
25 -69 -130
20 -71 -128
21 -72 -129
12 -71 -126
-15 -58 -118
-12 -23 -134
26 -69 -133
27 -70 -130
24 -69 -132
19 -71 -131
-7 -64 -118
-6 -22 -132
0 -69 -125
28 -71 -135
20 -72 -129
14 -70 -128
28 -68 -132
-7 -23 -129
26 -68 -136
-7 -22 -129
20 -68 -130
0 -66 -121
27 -70 -130
25 -69 -132
8 -67 -125
0 -68 -120
0 -68 -121
27 -68 -137
-8 -24 -128
27 -66 -138
-7 -20 -134
16 -69 -129
14 -61 -126
24 -68 -132
9 -68 -126
5 -66 -120
23 -64 -132
18 -67 -132
1 -68 -118
17 -63 -128
-19 -48 -116
22 -64 -137
21 -69 -130
3 -65 -122
20 -63 -127
18 -68 -133
0 -66 -118
21 -64 -135
25 -68 -134
-6 -23 -132
9 -66 -124
8 -65 -124
23 -64 -137
25 -66 -137
24 -66 -132
10 -66 -124
-8 -21 -135
-3 -66 -116
26 -66 -134
12 -66 -124
-9 -20 -134
7 -65 -125
-4 -64 -116
16 -45 -99
-2 -45 -127
-3 -45 -125
-4 -44 -125
-4 -44 -125
-2 -45 -128
-4 -45 -125
-5 -44 -127
-4 -44 -125
-4 -42 -127
-4 -45 -125
-4 -45 -126
-5 -44 -128
-4 -43 -125
-2 -44 -123
-4 -45 -123
-5 -44 -126
-5 -44 -127
-4 -44 -125
0 -44 -128
-2 -43 -123
-3 -44 -122
-4 -44 -125
-3 -44 -125
-3 -43 -125
-4 -42 -126
-4 -42 -125
-3 -44 -127
-2 -45 -124
-2 -44 -127
-4 -45 -127
-2 -44 -125
-3 -44 -126
-5 -42 -124
-5 -44 -125
-2 -44 -125
-2 -45 -126
-4 -43 -127
-4 -44 -126
-5 -45 -123
-2 -43 -125
-4 -44 -126
-2 -45 -124
-5 -42 -126
-3 -43 -125
-4 -44 -125
-4 -42 -124
-6 -42 -126
-4 -42 -128
-3 -42 -126
-4 -44 -125
-4 -44 -125
-3 -44 -125
-4 -43 -125
-2 -43 -127
-6 -42 -127
-5 -44 -127
-2 -43 -126
-4 -44 -125
-2 -45 -126
-4 -44 -128
-4 -43 -125
-4 -44 -126
-4 -42 -124
-4 -44 -123
-4 -43 -125
-3 -44 -125
-4 -44 -128
-3 -44 -128
-2 -44 -127
-6 -44 -125
-4 -45 -127
-4 -44 -127
-5 -42 -127
-4 -43 -122
-4 -42 -127
-2 -45 -127
-5 -44 -125
-4 -45 -127
-3 -45 -125
-4 -44 -123
-2 -42 -124
-4 -43 -124
-4 -43 -125
-3 -43 -127
-2 -43 -127
-3 -44 -126
-4 -44 -124
-2 -44 -125
-4 -43 -126
-2 -45 -124
-4 -43 -125
-6 -42 -124
-4 -42 -127
-4 -41 -128
-2 -45 -127
-3 -43 -125
-4 -44 -126
-2 -44 -127
-4 -42 -125
-4 -42 -126
-4 -43 -124
-4 -45 -124
-3 -45 -126
-4 -44 -127
-5 -44 -124
-4 -42 -122
-2 -44 -127
-2 -44 -125
-4 -44 -125
-5 -44 -125
-4 -45 -127
-5 -42 -126
-4 -44 -126
-5 -42 -125
-4 -42 -126
-2 -44 -125
-4 -45 -126
-4 -42 -122
-3 -45 -126
-2 -45 -128
-4 -45 -126
-4 -43 -125
-3 -44 -124
-6 -44 -124
-4 -45 -123
-4 -44 -127
-3 -44 -125
-4 -43 -125
-4 -43 -127
-4 -42 -128
-3 -47 -125
-3 -44 -127
-4 -44 -128
-4 -42 -126
-3 -43 -126
-3 -43 -127
-4 -43 -125
-5 -43 -126
-2 -44 -128
-4 -44 -124
-4 -42 -127
-4 -43 -126
-4 -42 -125
-3 -45 -124
-4 -45 -125
-4 -44 -124
-4 -45 -123
-3 -45 -124
-4 -43 -125
-2 -42 -128
-2 -44 -128
-3 -44 -128
-3 -43 -125
-5 -41 -127
-4 -43 -127
-3 -42 -127
-2 -42 -124
-5 -44 -126
0 -43 -123
-4 -41 -127
-2 -45 -124
-4 -46 -127
-4 -43 -125
-5 -44 -128
-4 -44 -127
0 -45 -126
-5 -44 -126
-4 -44 -124
-4 -42 -126
-4 -42 -125
-4 -43 -124
-1 -45 -125
-4 -43 -126
-4 -44 -126
-3 -44 -127
-3 -44 -122
-4 -44 -126
-3 -43 -125
-4 -44 -126
-5 -43 -120
-5 -43 -126
-4 -44 -125
-3 -42 -124
-6 -43 -124
-4 -43 -122
-6 -42 -125
-3 -44 -124
-4 -43 -122
-4 -45 -125
-4 -42 -127
-5 -42 -126
-4 -43 -126
-4 -44 -125
0 -46 -125
-4 -44 -124
-4 -45 -124
-4 -44 -123
-5 -42 -125
-4 -42 -126
-3 -45 -126
-3 -42 -128
-4 -43 -127
-2 -44 -128
-4 -43 -125
-4 -44 -128
-3 -41 -126
-2 -45 -126
-3 -42 -125
-4 -45 -128
-4 -44 -126
-5 -43 -124
-3 -43 -128
-4 -42 -127
-4 -44 -126
-3 -45 -128
-2 -44 -125
-4 -43 -127
-4 -40 -126
-8 -41 -126
-4 -43 -128
-2 -44 -127
-5 -42 -126
-4 -42 -127
-3 -44 -123
-3 -44 -128
-5 -42 -126
-4 -43 -126
-5 -42 -125
-4 -43 -125
-5 -44 -124
-3 -42 -126
-4 -42 -128
-2 -43 -126
-3 -44 -122
-4 -44 -125
-4 -43 -124
-4 -42 -125
-4 -43 -127
-4 -44 -128
-5 -44 -128
-3 -46 -128
-4 -45 -124
-2 -42 -127
0 -45 -125
0 -39 -133
-2 -44 -125
21 5 -140
-24 -49 -125
-14 -40 -129
-10 -42 -140
0 -35 -138
27 -48 -112
17 -34 -100
0 -37 -109
-31 -10 -149
-22 -37 -132
7 -32 -43
-97 15 73
16 -109 24
49 -62 -168
-2 -47 -128
0 -55 -126
-2 -52 -124
-2 -52 -124
0 -55 -123
0 -50 -126
0 -52 -120
-3 -52 -125
0 -53 -124
0 -52 -120
-2 -51 -120
-2 -52 -123
-2 -52 -124
0 -52 -121
0 -56 -127
-4 -50 -122
-3 -49 -125
0 -53 -121
0 -50 -123
0 -52 -122
0 -55 -127
0 -52 -120
0 -52 -125
0 -52 -124
0 -52 -123
0 -52 -121
0 -51 -121
-2 -52 -125
-4 -49 -122
0 -53 -122
-2 -52 -122
0 -54 -124
0 -52 -120
-2 -53 -121
0 -52 -125
0 -51 -120
0 -54 -123
0 -52 -122
0 -52 -122
0 -54 -124
-2 -53 -121
0 -50 -125
0 -52 -121
-2 -52 -125
0 -52 -125
0 -52 -122
-2 -52 -123
0 -51 -122
-2 -52 -123
0 -52 -123
0 -51 -125
0 -52 -121
0 -54 -122
-2 -50 -122
0 -51 -121
-3 -52 -124
0 -52 -123
0 -52 -124
-2 -52 -121
-3 -53 -125
0 -54 -124
0 -53 -125
0 -53 -121
0 -52 -122
0 -52 -123
0 -51 -122
0 -53 -121
0 -52 -122
-2 -53 -125
0 -52 -122
-2 -52 -122
0 -50 -122
0 -54 -123
0 -55 -124
1 -53 -123
0 -52 -124
-2 -51 -121
0 -52 -122
0 -52 -122
-4 -50 -123
-2 -51 -125
0 -55 -123
0 -52 -121
0 -52 -122
0 -52 -122
0 -52 -121
0 -52 -123
-2 -52 -123
0 -53 -124
-2 -52 -128
0 -53 -122
0 -51 -122
0 -52 -122
0 -52 -124
0 -51 -124
-2 -52 -121
0 -53 -124
0 -52 -123
0 -52 -125
0 -53 -124
0 -52 -126
0 -52 -123
-3 -53 -125
0 -52 -122
0 -52 -125
0 -50 -122
0 -52 -124
-2 -53 -123
-1 -51 -124
0 -52 -124
0 -52 -123
0 -52 -123
0 -53 -124
-3 -52 -123
0 -52 -122
0 -52 -123
0 -53 -122
0 -52 -123
-2 -52 -123
-2 -52 -124
0 -54 -124
0 -50 -127
0 -50 -124
0 -52 -124
-3 -51 -122
-4 -50 -122
0 -52 -121
-2 -51 -121
0 -50 -125
0 -51 -122
-50 -42 -152
-53 -72 -140
-144 -15 -173
12 -51 -185
24 -58 -153
6 -48 -123
-5 -36 -119
-28 -25 -103
-32 -18 -87
-28 -13 -91
-7 -8 -100
-1 -5 -104
-13 -8 -134
-9 -13 -125
-5 -27 -131
-9 -20 -144
-13 -26 -139
-21 -28 -136
-24 -27 -135
-19 -29 -139
-16 -26 -136
-17 -30 -130
-20 -28 -127
-19 -28 -121
-18 -26 -117
-13 -28 -122
-8 -34 -128
-11 -31 -129
-13 -36 -127
-39 11 32
-7 -47 -65
-20 -43 -128
-13 -56 -135
14 -65 -128
11 -63 -128
4 -60 -126
9 -65 -126
17 -34 -126
8 -63 -125
17 -52 -125
22 -39 -125
16 -57 -125
16 -57 -124
12 -63 -122
14 -62 -124
16 -63 -125
12 -62 -121
7 -71 -125
10 -72 -125
16 -66 -120
0 -75 -127
15 -81 -128
24 -69 -120
5 -81 -131
20 -78 -124
0 -74 -130
11 -81 -128
-11 -3 -119
-13 -4 -127
8 -33 -115
-16 0 -125
-21 -3 -128
-14 0 -124
5 -32 -119
15 -44 -117
24 -74 -125
0 -77 -131
20 -80 -128
24 -64 -123
12 -80 -130
-28 -7 -126
-24 0 -125
0 -13 -122
-10 -3 -123
-36 -26 -128
-24 1 -123
-17 0 -123
-23 0 -126
11 -36 -117
20 -81 -126
27 -65 -123
-6 -69 -128
-30 -20 -128
2 -32 -130
1 -85 -119
18 -54 -130
12 -56 -128
18 -60 -128
19 -65 -129
0 -77 -127
-8 -77 -129
-20 -4 -125
-33 -19 -125
23 -48 -124
18 -81 -128
-17 -61 -132
-9 -3 -120
-21 -2 -125
-31 -8 -127
-32 -8 -125
-8 -5 -125
9 -34 -117
10 -37 -119
28 -65 -123
12 -82 -126
-32 -12 -129
28 -69 -123
0 -79 -127
7 -81 -128
15 -81 -127
22 -79 -125
-4 -76 -130
-3 -7 -125
-16 -3 -126
-18 -49 -129
-27 -7 -128
0 -10 -122
-8 -6 -127
23 -58 -119
14 -81 -124
-18 -51 -132
-24 -4 -125
0 -17 -119
-29 -7 -128
-30 -9 -128
1 -30 -117
-32 -14 -126
24 -58 -118
26 -76 -123
-2 -76 -129
-13 -3 -125
-12 -4 -127
-2 -8 -122
-18 -3 -127
-3 -9 -121
-5 -4 -125
17 -47 -119
16 -79 -123
8 -83 -128
0 -76 -130
13 -83 -128
-11 -4 -126
-15 -4 -122
-2 -9 -122
-14 -2 -126
0 -12 -119
-4 -10 -119
-15 -2 -127
-3 -8 -121
-30 -24 -128
0 -28 -117
-3 -8 -119
-4 -7 -123
-32 -10 -128
28 -68 -122
6 -82 -129
26 -66 -121
-5 -72 -132
0 -23 -117
-7 -5 -122
-11 -2 -122
0 -16 -119
-12 -4 -125
-12 -2 -125
0 -17 -119
-10 -3 -124
0 -20 -121
0 -16 -121
0 -15 -120
0 -23 -117
0 -20 -117
10 -40 -120
20 -77 -124
23 -76 -121
-3 -71 -128
-3 -16 -118
24 -58 -118
22 -76 -124
25 -74 -123
0 -78 -129
0 -79 -129
0 -77 -128
0 -79 -130
24 -74 -119
-8 -65 -132
-5 -8 -124
-4 -10 -121
-7 -7 -121
13 -44 -120
0 -77 -128
11 -84 -126
1 -80 -129
3 -80 -128
14 -80 -125
-13 -50 -131
7 -39 -118
-3 -18 -122
24 -68 -122
25 -67 -120
22 -60 -120
-6 -66 -133
-21 -5 -125
-28 -6 -128
-26 -5 -125
0 -10 -121
-35 -15 -129
24 -52 -124
11 -81 -127
27 -71 -127
24 -76 -126
4 -82 -125
12 -82 -127
8 -81 -130
24 -78 -124
21 -79 -124
-2 -77 -130
-21 -4 -128
-17 -4 -125
-23 -2 -127
-32 -13 -128
-9 -64 -132
-7 -5 -120
0 -13 -124
-6 -6 -125
9 -41 -120
-17 -2 -127
2 -31 -120
-32 -13 -128
22 -54 -122
0 -74 -127
15 -82 -127
19 -79 -123
15 -81 -125
20 -80 -126
23 -79 -122
16 -83 -128
26 -72 -122
24 -69 -121
4 -81 -128
7 -81 -130
27 -67 -123
19 -78 -124
22 -80 -122
-2 -73 -128
0 -15 -122
-15 -4 -127
-15 -5 -128
-6 -6 -126
-10 -4 -121
-8 -5 -124
-11 0 -125
4 -39 -118
-14 -2 -125
-14 -3 -124
-18 -4 -128
-13 -2 -124
-17 0 -126
-5 -7 -120
16 -50 -118
19 -81 -124
7 -82 -127
9 -82 -127
19 -80 -126
7 -81 -128
24 -68 -121
5 -80 -128
6 -81 -128
8 -81 -131
24 -65 -121
20 -81 -123
9 -82 -128
23 -66 -122
16 -83 -128
3 -80 -127
1 -79 -130
24 -75 -122
-10 -64 -133
0 -18 -119
-13 -3 -125
0 -18 -121
-22 -4 -129
-23 -6 -127
-9 -4 -124
24 -67 -119
16 -81 -128
